0.000000000000000000e+00 8.252191575326967411e-06
1.076923076923076879e-02 1.384118506070117064e-05
2.153846153846153758e-02 2.294875267846993987e-05
3.230769230769230810e-02 3.761209639291560692e-05
4.307692307692307515e-02 6.093677917849334711e-05
5.384615384615384220e-02 9.759236859524407233e-05
6.461538461538461620e-02 1.545032400649466351e-04
7.538461538461538325e-02 2.417941098277778767e-04
8.615384615384615030e-02 3.740600472502271750e-04
9.692307692307691736e-02 5.720389139349496121e-04
1.076923076923076844e-01 8.647681839171782788e-04
1.184615384615384515e-01 1.292305038177235348e-03
1.292307692307692324e-01 1.909075025763878755e-03
1.399999999999999856e-01 2.787886590011452725e-03
1.507692307692307665e-01 4.024602530558644281e-03
1.615384615384615197e-01 5.743391775566261855e-03
1.723076923076923006e-01 8.102393837244726074e-03
1.830769230769230815e-01 1.129951452271361033e-02
1.938461538461538347e-01 1.557793871728272231e-02
2.046153846153846156e-01 2.123080243835778411e-02
2.153846153846153688e-01 2.860432481462615861e-02
2.261538461538461497e-01 3.809857904063729955e-02
2.369230769230769029e-01 5.016500179364061923e-02
2.476923076923076839e-01 6.529972779146128725e-02
2.584615384615384648e-01 8.403191479922261786e-02
2.692307692307692180e-01 1.069064155333301624e-01
2.799999999999999711e-01 1.344604698083270711e-01
2.907692307692307798e-01 1.671945339733700575e-01
3.015384615384615330e-01 2.055379202141896511e-01
3.123076923076922862e-01 2.498105521746558644e-01
3.230769230769230393e-01 3.001828032629101917e-01
3.338461538461538480e-01 3.566360012454178330e-01
3.446153846153846012e-01 4.189266777532036912e-01
3.553846153846153544e-01 4.865579322388982053e-01
3.661538461538461631e-01 5.587612932362364671e-01
3.769230769230769162e-01 6.344921421129937622e-01
3.876923076923076694e-01 7.124410936549259166e-01
3.984615384615384226e-01 7.910627211434868578e-01
4.092307692307692313e-01 8.686217321010657466e-01
4.199999999999999845e-01 9.432552475175546292e-01
4.307692307692307376e-01 1.013048348987591440e+00
4.415384615384615463e-01 1.076118691555054463e+00
4.523076923076922995e-01 1.130704893419226753e+00
4.630769230769230527e-01 1.175252746108470081e+00
4.738461538461538058e-01 1.208493140480476846e+00
4.846153846153846145e-01 1.229506020462590943e+00
4.953846153846153677e-01 1.237765639434454057e+00
5.061538461538461764e-01 1.233163820651134834e+00
5.169230769230769296e-01 1.216009673923663437e+00
5.276923076923076827e-01 1.187006116869949723e+00
5.384615384615384359e-01 1.147205393765449166e+00
5.492307692307691891e-01 1.097947388958632864e+00
5.599999999999999423e-01 1.040785736621100854e+00
5.707692307692306954e-01 9.774074261733812774e-01
5.815384615384615596e-01 9.095517470502032520e-01
5.923076923076923128e-01 8.389340265622675652e-01
6.030769230769230660e-01 7.671787684928497164e-01
6.138461538461538192e-01 6.957656210660326801e-01
6.246153846153845723e-01 6.259902408006695618e-01
6.353846153846153255e-01 5.589407287660201895e-01
6.461538461538460787e-01 4.954890388147459857e-01
6.569230769230769429e-01 4.362957042496986571e-01
6.676923076923076961e-01 3.818254706799118492e-01
6.784615384615384492e-01 3.323709856633756954e-01
6.892307692307692024e-01 2.880815668591495959e-01
6.999999999999999556e-01 2.489942043999925358e-01
7.107692307692307088e-01 2.150642839442166165e-01
7.215384615384614619e-01 1.861939701446855000e-01
7.323076923076923261e-01 1.622566953521975552e-01
7.430769230769230793e-01 1.431166970749793432e-01
7.538461538461538325e-01 1.286429999411035363e-01
7.646153846153845857e-01 1.187176232835046308e-01
7.753846153846153388e-01 1.132381114846457010e-01
7.861538461538460920e-01 1.121147416808789127e-01
7.969230769230768452e-01 1.152629802913704843e-01
8.076923076923077094e-01 1.225919546954084005e-01
8.184615384615384626e-01 1.339898926983909000e-01
8.292307692307692157e-01 1.493076644168581657e-01
8.399999999999999689e-01 1.683417319410462909e-01
8.507692307692307221e-01 1.908179540254279216e-01
8.615384615384614753e-01 2.163777806721951802e-01
8.723076923076922284e-01 2.445683770524614553e-01
8.830769230769230926e-01 2.748381112848673480e-01
8.938461538461538458e-01 3.065386077480219407e-01
9.046153846153845990e-01 3.389342014940348036e-01
9.153846153846153522e-01 3.712191410673326142e-01
9.261538461538461053e-01 4.025423053124346229e-01
9.369230769230768585e-01 4.320385693580372499e-01
9.476923076923076117e-01 4.588653326604058558e-01
9.584615384615384759e-01 4.822421702571781932e-01
9.692307692307692291e-01 5.014911477652349570e-01
9.799999999999999822e-01 5.160751017964455567e-01
9.907692307692307354e-01 5.256311640277746555e-01
1.001538461538461489e+00 5.299970107581827294e-01
1.012307692307692353e+00 5.292277377614905687e-01
1.023076923076922995e+00 5.236018567852140926e-01
1.033846153846153859e+00 5.136156304964210051e-01
1.044615384615384501e+00 4.999657404891727497e-01
1.055384615384615365e+00 4.835210482031681023e-01
1.066153846153846008e+00 4.652848966499633088e-01
1.076923076923076872e+00 4.463499599915312088e-01
1.087692307692307736e+00 4.278480446916947955e-01
1.098461538461538378e+00 4.108974668687320198e-01
1.109230769230769242e+00 3.965506814520264323e-01
1.119999999999999885e+00 3.857447407092627345e-01
1.130769230769230749e+00 3.792569426582240721e-01
1.141538461538461391e+00 3.776677261538410324e-01
1.152307692307692255e+00 3.813325076745080477e-01
1.163076923076923119e+00 3.903637557102233036e-01
1.173846153846153761e+00 4.046241733333589830e-01
1.184615384615384626e+00 4.237314108818099334e-01
1.195384615384615268e+00 4.470742569913132569e-01
1.206153846153846132e+00 4.738397564047752697e-01
1.216923076923076774e+00 5.030501820937914870e-01
1.227692307692307638e+00 5.336082627408390566e-01
1.238461538461538503e+00 5.643485625614054202e-01
1.249230769230769145e+00 5.940924683805066664e-01
1.260000000000000009e+00 6.217039059029286774e-01
1.270769230769230651e+00 6.461427311440023358e-01
1.281538461538461515e+00 6.665127645976502979e-01
1.292307692307692157e+00 6.821016799834840327e-01
1.303076923076923022e+00 6.924104292831798624e-01
1.313846153846153886e+00 6.971705583742010548e-01
1.324615384615384528e+00 6.963485943134946066e-01
1.335384615384615392e+00 6.901375960846839464e-01
1.346153846153846034e+00 6.789368714584642639e-01
1.356923076923076898e+00 6.633216859785329156e-01
1.367692307692307541e+00 6.440054459364507045e-01
1.378461538461538405e+00 6.217972633248849412e-01
1.389230769230769269e+00 5.975579706924881718e-01
1.399999999999999911e+00 5.721575411891778318e-01
1.410769230769230775e+00 5.464365077832723516e-01
1.421538461538461418e+00 5.211734159202655592e-01
1.432307692307692282e+00 4.970596551601816904e-01
1.443076923076922924e+00 4.746822766566293206e-01
1.453846153846153788e+00 4.545146933814844803e-01
1.464615384615384652e+00 4.369145476214196244e-01
1.475384615384615294e+00 4.221275671753192960e-01
1.486153846153846159e+00 4.102959478318756181e-01
1.496923076923076801e+00 4.014697019256783794e-01
1.507692307692307665e+00 3.956194863270402484e-01
1.518461538461538307e+00 3.926496358863963421e-01
1.529230769230769171e+00 3.924104361085323234e-01
1.540000000000000036e+00 3.947090223158957190e-01
1.550769230769230678e+00 3.993186433996795404e-01
1.561538461538461542e+00 4.059863345443752713e-01
1.572307692307692184e+00 4.144392737355789280e-01
1.583076923076923048e+00 4.243902332129789179e-01
1.593846153846153690e+00 4.355425750068968593e-01
1.604615384615384555e+00 4.475951880966615448e-01
1.615384615384615419e+00 4.602476432621774860e-01
1.626153846153846061e+00 4.732056777107246370e-01
1.636923076923076925e+00 4.861869460425144451e-01
1.647692307692307567e+00 4.989268174449658089e-01
1.658461538461538431e+00 5.111838868475947484e-01
1.669230769230769074e+00 5.227448176694229343e-01
1.679999999999999938e+00 5.334281528414327456e-01
1.690769230769230802e+00 5.430868147576288774e-01
1.701538461538461444e+00 5.516091489086678568e-01
1.712307692307692308e+00 5.589185271914909325e-01
1.723076923076922951e+00 5.649716877559203265e-01
1.733846153846153815e+00 5.697561211898407585e-01
1.744615384615384457e+00 5.732868948442592094e-01
1.755384615384615321e+00 5.756033236201352210e-01
1.766153846153846185e+00 5.767658431140187947e-01
1.776923076923076827e+00 5.768533280203130831e-01
1.787692307692307692e+00 5.759609440739367203e-01
1.798461538461538334e+00 5.741984520456046015e-01
1.809230769230769198e+00 5.716887269078864131e-01
1.819999999999999840e+00 5.685661419048839704e-01
1.830769230769230704e+00 5.649744169458001952e-01
1.841538461538461569e+00 5.610635544811014563e-01
1.852307692307692211e+00 5.569855829380435663e-01
1.863076923076923075e+00 5.528889854397420756e-01
1.873846153846153717e+00 5.489118880784024102e-01
1.884615384615384581e+00 5.451742899162353995e-01
1.895384615384615223e+00 5.417698073140281290e-01
1.906153846153846088e+00 5.387575523713612480e-01
1.916923076923076952e+00 5.361548500453870991e-01
1.927692307692307594e+00 5.339315105256888794e-01
1.938461538461538458e+00 5.320063116846932560e-01
1.949230769230769100e+00 5.302462183652856265e-01
1.959999999999999964e+00 5.284686848168620443e-01
1.970769230769230607e+00 5.264471714981926453e-01
1.981538461538461471e+00 5.239197767426079233e-01
1.992307692307692335e+00 5.206006556134017416e-01
2.003076923076922977e+00 5.161936886983853334e-01
2.013846153846153619e+00 5.104076859521677889e-01
2.024615384615384706e+00 5.029722757290545632e-01
2.035384615384615348e+00 4.936535453204950463e-01
2.046153846153845990e+00 4.822684730590416358e-01
2.056923076923076632e+00 4.686972276879332044e-01
2.067692307692307718e+00 4.528925098393392079e-01
2.078461538461538360e+00 4.348852711140668847e-01
2.089230769230769003e+00 4.147863617864759878e-01
2.100000000000000089e+00 3.927839166126450010e-01
2.110769230769230731e+00 3.691365722593523691e-01
2.121538461538461373e+00 3.441628976446783894e-01
2.132307692307692015e+00 3.182276854575007419e-01
2.143076923076923102e+00 2.917259747204776210e-01
2.153846153846153744e+00 2.650658288863839140e-01
2.164615384615384386e+00 2.386509659527338290e-01
2.175384615384615472e+00 2.128643190416223407e-01
2.186153846153846114e+00 1.880534999264578122e-01
2.196923076923076756e+00 1.645189556427797128e-01
2.207692307692307399e+00 1.425053691798602862e-01
2.218461538461538485e+00 1.221965844063047507e-01
2.229230769230769127e+00 1.037140602069178408e-01
2.239999999999999769e+00 8.711860552680814052e-02
2.250769230769230855e+00 7.241493763400701222e-02
2.261538461538461497e+00 5.955845589413547719e-02
2.272307692307692140e+00 4.846354038868541658e-02
2.283076923076922782e+00 3.901266860028269196e-02
2.293846153846153868e+00 3.106568697072430163e-02
2.304615384615384510e+00 2.446866500161025762e-02
2.315384615384615152e+00 1.906188221612396469e-02
2.326153846153846239e+00 1.468663638769719497e-02
2.336923076923076881e+00 1.119069976784727721e-02
2.347692307692307523e+00 8.432376080485038880e-03
2.358461538461538165e+00 6.283215851151750624e-03
2.369230769230769251e+00 4.629526159670269321e-03
2.379999999999999893e+00 3.372861761511471070e-03
2.390769230769230536e+00 2.429709373454839484e-03
2.401538461538461622e+00 1.730579602493462991e-03
2.412307692307692264e+00 1.218706613608863546e-03
2.423076923076922906e+00 8.485296890895409555e-04
2.433846153846153548e+00 5.840985515501742565e-04
2.444615384615384635e+00 3.975101596812346595e-04
2.455384615384615277e+00 2.674520621913325418e-04
2.466153846153845919e+00 1.778986268632044485e-04
2.476923076923077005e+00 1.169828308230469422e-04
2.487692307692307647e+00 7.604822522182187912e-05
2.498461538461538289e+00 4.887294749339566804e-05
2.509230769230768932e+00 3.104960018520015063e-05
2.520000000000000018e+00 1.950057835215645582e-05
2.530769230769230660e+00 1.210707754364492755e-05
2.541538461538461302e+00 7.430674027208605344e-06
2.552307692307692388e+00 4.508282947112875369e-06
2.563076923076923030e+00 2.703868022717640514e-06
2.573846153846153673e+00 1.603056165089752108e-06
2.584615384615384315e+00 9.395041426540834530e-07
2.595384615384615401e+00 5.442937756904506428e-07
2.606153846153846043e+00 3.117101392437397702e-07
2.616923076923076685e+00 1.764614073722898550e-07
2.627692307692307772e+00 9.874799951701929079e-08
2.638461538461538414e+00 5.462422412351036586e-08
2.649230769230769056e+00 2.986891448228532022e-08
2.659999999999999698e+00 1.614468850447810597e-08
2.670769230769230784e+00 8.626109491775906427e-09
2.681538461538461426e+00 4.555902428433225025e-09
2.692307692307692069e+00 2.378522068578409974e-09
2.703076923076923155e+00 1.227474635018806955e-09
2.713846153846153797e+00 6.261663931124746427e-10
2.724615384615384439e+00 3.157462857830038585e-10
2.735384615384615081e+00 1.573828660907594882e-10
2.746153846153846168e+00 7.754375751393474815e-11
2.756923076923076810e+00 3.776643236584065050e-11
2.767692307692307452e+00 1.818169570878376176e-11
2.778461538461538538e+00 8.652303214252225451e-12
2.789230769230769180e+00 4.070030356318927187e-12
2.799999999999999822e+00 1.892482278121102025e-12
